#lines 1-52: correlation coefficients. lines 54-104: n. lines 106-end: p-values. produced in R using spearman correlations.
#description of variables (and more, not present in this dataset) can be found here: http://archive.stsci.edu/kepler/koi/help/columns.html?print=1

                    Kepler.ID Time.of.Transit.Epoch Period Transit.Depth Duration Ingress.Duration Impact.Parameter Inclination Semi.major.Axis Eccentricity   r.R   a.R Planet.Radius   Teq  Teff
Kepler.ID                  1.00                  0.02   0.03         -0.02    -0.01            -0.03             0.00        0.02            0.03          NaN -0.02  0.05         -0.04 -0.04 -0.01
Time.of.Transit.Epoch      0.02                  1.00   0.73          0.33     0.47             0.28            -0.02        0.48            0.73          NaN  0.31  0.67          0.32 -0.69 -0.03
Period                     0.03                  0.73   1.00          0.24     0.65             0.30            -0.02        0.63            1.00          NaN  0.22  0.91          0.26 -0.91  0.03
Transit.Depth             -0.02                  0.33   0.24          1.00     0.15             0.66             0.12        0.16            0.23          NaN  0.98  0.26          0.84 -0.31 -0.20
Duration                  -0.01                  0.47   0.65          0.15     1.00             0.55            -0.05        0.30            0.66          NaN  0.13  0.36          0.20 -0.52  0.21
Ingress.Duration          -0.03                  0.28   0.30          0.66     0.55             1.00             0.53       -0.16            0.30          NaN  0.74  0.05          0.65 -0.30 -0.03
Impact.Parameter           0.00                 -0.02  -0.02          0.12    -0.05             0.53             1.00       -0.66           -0.02          NaN  0.26 -0.21          0.25  0.03  0.00
Inclination                0.02                  0.48   0.63          0.16     0.30            -0.16            -0.66        1.00            0.62          NaN  0.06  0.78          0.07 -0.60 -0.03
Semi.major.Axis            0.03                  0.73   1.00          0.23     0.66             0.30            -0.02        0.62            1.00          NaN  0.21  0.90          0.28 -0.88  0.08
Eccentricity                NaN                   NaN    NaN           NaN      NaN              NaN              NaN         NaN             NaN            1   NaN   NaN           NaN   NaN   NaN
r.R                       -0.02                  0.31   0.22          0.98     0.13             0.74             0.26        0.06            0.21          NaN  1.00  0.21          0.86 -0.28 -0.19
a.R                        0.05                  0.67   0.91          0.26     0.36             0.05            -0.21        0.78            0.90          NaN  0.21  1.00          0.21 -0.87 -0.06
Planet.Radius             -0.04                  0.32   0.26          0.84     0.20             0.65             0.25        0.07            0.28          NaN  0.86  0.21          1.00 -0.15  0.04
Teq                       -0.04                 -0.69  -0.91         -0.31    -0.52            -0.30             0.03       -0.60           -0.88          NaN -0.28 -0.87         -0.15  1.00  0.23
Teff                      -0.01                 -0.03   0.03         -0.20     0.21            -0.03             0.00       -0.03            0.08          NaN -0.19 -0.06          0.04  0.23  1.00
log.g.                     0.03                  0.02  -0.06          0.21    -0.18             0.06            -0.04        0.03           -0.11          NaN  0.19  0.04         -0.24 -0.30 -0.57
Metallicity                0.05                 -0.01  -0.01          0.00    -0.04            -0.04            -0.01        0.01            0.01          NaN -0.01  0.00          0.07  0.03 -0.07
Stellar.Radius            -0.03                 -0.01   0.05         -0.22     0.18            -0.09             0.01       -0.02            0.11          NaN -0.20 -0.04          0.23  0.30  0.66
Stellar.Mass              -0.01                  0.00   0.05         -0.20     0.29               NA             0.04       -0.08            0.13          NaN -0.17 -0.12          0.18  0.34  0.90
Age                       -0.02                  0.01  -0.01          0.02    -0.10               NA             0.03        0.00           -0.05          NaN  0.03  0.04         -0.06 -0.14 -0.59
Quarters                   0.14                  0.18   0.21         -0.44     0.09            -0.23            -0.01        0.13            0.21          NaN -0.43  0.15         -0.36 -0.15  0.07
Transit.Number            -0.06                 -0.82  -0.90         -0.42    -0.55            -0.35             0.18       -0.69           -0.90          NaN -0.38 -0.85         -0.38  0.84  0.03
KOI.count                  0.03                  0.06   0.02         -0.05     0.03            -0.07             0.01       -0.03            0.02          NaN -0.06  0.03         -0.10 -0.06 -0.06
Binary.Discrimination     -0.01                 -0.15  -0.17         -0.29    -0.18            -0.26             0.02       -0.09           -0.16          NaN -0.28 -0.17         -0.26  0.17 -0.02
                      log.g. Metallicity Stellar.Radius Stellar.Mass   Age Quarters Transit.Number KOI.count Binary.Discrimination
Kepler.ID               0.03        0.05          -0.03        -0.01 -0.02     0.14          -0.06      0.03                 -0.01
Time.of.Transit.Epoch   0.02       -0.01          -0.01         0.00  0.01     0.18          -0.82      0.06                 -0.15
Period                 -0.06       -0.01           0.05         0.05 -0.01     0.21          -0.90      0.02                 -0.17
Transit.Depth           0.21        0.00          -0.22        -0.20  0.02    -0.44          -0.42     -0.05                 -0.29
Duration               -0.18       -0.04           0.18         0.29 -0.10     0.09          -0.55      0.03                 -0.18
Ingress.Duration        0.06       -0.04          -0.09           NA    NA    -0.23          -0.35     -0.07                 -0.26
Impact.Parameter       -0.04       -0.01           0.01         0.04  0.03    -0.01           0.18      0.01                  0.02
Inclination             0.03        0.01          -0.02        -0.08  0.00     0.13          -0.69     -0.03                 -0.09
Semi.major.Axis        -0.11        0.01           0.11         0.13 -0.05     0.21          -0.90      0.02                 -0.16
Eccentricity             NaN         NaN            NaN          NaN   NaN      NaN            NaN       NaN                   NaN
r.R                     0.19       -0.01          -0.20        -0.17  0.03    -0.43          -0.38     -0.06                 -0.28
a.R                     0.04        0.00          -0.04        -0.12  0.04     0.15          -0.85      0.03                 -0.17
Planet.Radius          -0.24        0.07           0.23         0.18 -0.06    -0.36          -0.38     -0.10                 -0.26
Teq                    -0.30        0.03           0.30         0.34 -0.14    -0.15           0.84     -0.06                  0.17
Teff                   -0.57       -0.07           0.66         0.90 -0.59     0.07           0.03     -0.06                 -0.02
log.g.                  1.00       -0.12          -0.97        -0.73  0.02    -0.08           0.00      0.07                 -0.04
Metallicity            -0.12        1.00           0.18           NA    NA    -0.08           0.01      0.01                  0.05
Stellar.Radius         -0.97        0.18           1.00         0.86 -0.20     0.08          -0.02     -0.07                  0.03
Stellar.Mass           -0.73          NA           0.86         1.00 -0.57       NA             NA     -0.07                    NA
Age                     0.02          NA          -0.20        -0.57  1.00       NA             NA      0.09                    NA
Quarters               -0.08       -0.08           0.08           NA    NA     1.00           0.00      0.05                  0.16
Transit.Number          0.00        0.01          -0.02           NA    NA     0.00           1.00      0.04                  0.26
KOI.count               0.07        0.01          -0.07        -0.07  0.09     0.05           0.04      1.00                  0.01
Binary.Discrimination  -0.04        0.05           0.03           NA    NA     0.16           0.26      0.01                  1.00

n
                      Kepler.ID Time.of.Transit.Epoch Period Transit.Depth Duration Ingress.Duration Impact.Parameter Inclination Semi.major.Axis Eccentricity  r.R  a.R Planet.Radius  Teq Teff
Kepler.ID                  6874                  6874   6874          6874     6874             3009             6874        6874            6874         6874 6874 6874          6874 6874 6298
Time.of.Transit.Epoch      6874                  6874   6874          6874     6874             3009             6874        6874            6874         6874 6874 6874          6874 6874 6298
Period                     6874                  6874   6874          6874     6874             3009             6874        6874            6874         6874 6874 6874          6874 6874 6298
Transit.Depth              6874                  6874   6874          6874     6874             3009             6874        6874            6874         6874 6874 6874          6874 6874 6298
Duration                   6874                  6874   6874          6874     6874             3009             6874        6874            6874         6874 6874 6874          6874 6874 6298
Ingress.Duration           3009                  3009   3009          3009     3009             6874             3009        3009            3009         3009 3009 3009          3009 3009 2433
Impact.Parameter           6874                  6874   6874          6874     6874             3009             6874        6874            6874         6874 6874 6874          6874 6874 6298
Inclination                6874                  6874   6874          6874     6874             3009             6874        6874            6874         6874 6874 6874          6874 6874 6298
Semi.major.Axis            6874                  6874   6874          6874     6874             3009             6874        6874            6874         6874 6874 6874          6874 6874 6298
Eccentricity               6874                  6874   6874          6874     6874             3009             6874        6874            6874         6874 6874 6874          6874 6874 6298
r.R                        6874                  6874   6874          6874     6874             3009             6874        6874            6874         6874 6874 6874          6874 6874 6298
a.R                        6874                  6874   6874          6874     6874             3009             6874        6874            6874         6874 6874 6874          6874 6874 6298
Planet.Radius              6874                  6874   6874          6874     6874             3009             6874        6874            6874         6874 6874 6874          6874 6874 6298
Teq                        6874                  6874   6874          6874     6874             3009             6874        6874            6874         6874 6874 6874          6874 6874 6298
Teff                       6298                  6298   6298          6298     6298             2433             6298        6298            6298         6298 6298 6298          6298 6298 6874
log.g.                     6298                  6298   6298          6298     6298             2433             6298        6298            6298         6298 6298 6298          6298 6298 6298
Metallicity                2433                  2433   2433          2433     2433             2433             2433        2433            2433         2433 2433 2433          2433 2433 2433
Stellar.Radius             6874                  6874   6874          6874     6874             3009             6874        6874            6874         6874 6874 6874          6874 6874 6298
Stellar.Mass               3865                  3865   3865          3865     3865                0             3865        3865            3865         3865 3865 3865          3865 3865 3865
Age                        3364                  3364   3364          3364     3364                0             3364        3364            3364         3364 3364 3364          3364 3364 3364
Quarters                   2433                  2433   2433          2433     2433             2433             2433        2433            2433         2433 2433 2433          2433 2433 2433
Transit.Number             3009                  3009   3009          3009     3009             3009             3009        3009            3009         3009 3009 3009          3009 3009 2433
KOI.count                  6874                  6874   6874          6874     6874             3009             6874        6874            6874         6874 6874 6874          6874 6874 6298
Binary.Discrimination      3009                  3009   3009          3009     3009             3009             3009        3009            3009         3009 3009 3009          3009 3009 2433
                      log.g. Metallicity Stellar.Radius Stellar.Mass  Age Quarters Transit.Number KOI.count Binary.Discrimination
Kepler.ID               6298        2433           6874         3865 3364     2433           3009      6874                  3009
Time.of.Transit.Epoch   6298        2433           6874         3865 3364     2433           3009      6874                  3009
Period                  6298        2433           6874         3865 3364     2433           3009      6874                  3009
Transit.Depth           6298        2433           6874         3865 3364     2433           3009      6874                  3009
Duration                6298        2433           6874         3865 3364     2433           3009      6874                  3009
Ingress.Duration        2433        2433           3009            0    0     2433           3009      3009                  3009
Impact.Parameter        6298        2433           6874         3865 3364     2433           3009      6874                  3009
Inclination             6298        2433           6874         3865 3364     2433           3009      6874                  3009
Semi.major.Axis         6298        2433           6874         3865 3364     2433           3009      6874                  3009
Eccentricity            6298        2433           6874         3865 3364     2433           3009      6874                  3009
r.R                     6298        2433           6874         3865 3364     2433           3009      6874                  3009
a.R                     6298        2433           6874         3865 3364     2433           3009      6874                  3009
Planet.Radius           6298        2433           6874         3865 3364     2433           3009      6874                  3009
Teq                     6298        2433           6874         3865 3364     2433           3009      6874                  3009
Teff                    6298        2433           6298         3865 3364     2433           2433      6298                  2433
log.g.                  6874        2433           6298         3865 3364     2433           2433      6298                  2433
Metallicity             2433        6874           2433            0    0     2433           2433      2433                  2433
Stellar.Radius          6298        2433           6874         3865 3364     2433           3009      6874                  3009
Stellar.Mass            3865           0           3865         6874 3364        0              0      3865                     0
Age                     3364           0           3364         3364 6874        0              0      3364                     0
Quarters                2433        2433           2433            0    0     6874           2433      2433                  2433
Transit.Number          2433        2433           3009            0    0     2433           6874      3009                  3009
KOI.count               6298        2433           6874         3865 3364     2433           3009      6874                  3009
Binary.Discrimination   2433        2433           3009            0    0     2433           3009      3009                  6874

P
                      Kepler.ID Time.of.Transit.Epoch Period Transit.Depth Duration Ingress.Duration Impact.Parameter Inclination Semi.major.Axis Eccentricity r.R    a.R    Planet.Radius Teq   
Kepler.ID                       0.0433                0.0142 0.0839        0.2823   0.0557           0.7881           0.0601      0.0223                       0.0530 0.0000 0.0006        0.0011
Time.of.Transit.Epoch 0.0433                          0.0000 0.0000        0.0000   0.0000           0.0853           0.0000      0.0000                       0.0000 0.0000 0.0000        0.0000
Period                0.0142    0.0000                       0.0000        0.0000   0.0000           0.1107           0.0000      0.0000                       0.0000 0.0000 0.0000        0.0000
Transit.Depth         0.0839    0.0000                0.0000               0.0000   0.0000           0.0000           0.0000      0.0000                       0.0000 0.0000 0.0000        0.0000
Duration              0.2823    0.0000                0.0000 0.0000                 0.0000           0.0000           0.0000      0.0000                       0.0000 0.0000 0.0000        0.0000
Ingress.Duration      0.0557    0.0000                0.0000 0.0000        0.0000                    0.0000           0.0000      0.0000                       0.0000 0.0049 0.0000        0.0000
Impact.Parameter      0.7881    0.0853                0.1107 0.0000        0.0000   0.0000                            0.0000      0.1011                       0.0000 0.0000 0.0000        0.0282
Inclination           0.0601    0.0000                0.0000 0.0000        0.0000   0.0000           0.0000                       0.0000                       0.0000 0.0000 0.0000        0.0000
Semi.major.Axis       0.0223    0.0000                0.0000 0.0000        0.0000   0.0000           0.1011           0.0000                                   0.0000 0.0000 0.0000        0.0000
Eccentricity                                                                                                                                                                                     
r.R                   0.0530    0.0000                0.0000 0.0000        0.0000   0.0000           0.0000           0.0000      0.0000                              0.0000 0.0000        0.0000
a.R                   0.0000    0.0000                0.0000 0.0000        0.0000   0.0049           0.0000           0.0000      0.0000                       0.0000        0.0000        0.0000
Planet.Radius         0.0006    0.0000                0.0000 0.0000        0.0000   0.0000           0.0000           0.0000      0.0000                       0.0000 0.0000               0.0000
Teq                   0.0011    0.0000                0.0000 0.0000        0.0000   0.0000           0.0282           0.0000      0.0000                       0.0000 0.0000 0.0000              
Teff                  0.2921    0.0114                0.0082 0.0000        0.0000   0.1031           0.7886           0.0095      0.0000                       0.0000 0.0000 0.0009        0.0000
log.g.                0.0131    0.1191                0.0000 0.0000        0.0000   0.0021           0.0005           0.0366      0.0000                       0.0000 0.0016 0.0000        0.0000
Metallicity           0.0152    0.4724                0.5622 0.8584        0.0269   0.0648           0.7706           0.6633      0.6084                       0.6826 0.9490 0.0003        0.1301
Stellar.Radius        0.0087    0.2594                0.0000 0.0000        0.0000   0.0000           0.3905           0.1454      0.0000                       0.0000 0.0006 0.0000        0.0000
Stellar.Mass          0.4294    0.8773                0.0011 0.0000        0.0000                    0.0074           0.0000      0.0000                       0.0000 0.0000 0.0000        0.0000
Age                   0.3291    0.4515                0.5676 0.1682        0.0000                    0.0759           0.7946      0.0019                       0.1448 0.0300 0.0002        0.0000
Quarters              0.0000    0.0000                0.0000 0.0000        0.0000   0.0000           0.5463           0.0000      0.0000                       0.0000 0.0000 0.0000        0.0000
Transit.Number        0.0012    0.0000                0.0000 0.0000        0.0000   0.0000           0.0000           0.0000      0.0000                       0.0000 0.0000 0.0000        0.0000
KOI.count             0.0058    0.0000                0.0534 0.0000        0.0086   0.0000           0.4827           0.0095      0.1737                       0.0000 0.0323 0.0000        0.0000
Binary.Discrimination 0.5869    0.0000                0.0000 0.0000        0.0000   0.0000           0.3100           0.0000      0.0000                       0.0000 0.0000 0.0000        0.0000
                      Teff   log.g. Metallicity Stellar.Radius Stellar.Mass Age    Quarters Transit.Number KOI.count Binary.Discrimination
Kepler.ID             0.2921 0.0131 0.0152      0.0087         0.4294       0.3291 0.0000   0.0012         0.0058    0.5869               
Time.of.Transit.Epoch 0.0114 0.1191 0.4724      0.2594         0.8773       0.4515 0.0000   0.0000         0.0000    0.0000               
Period                0.0082 0.0000 0.5622      0.0000         0.0011       0.5676 0.0000   0.0000         0.0534    0.0000               
Transit.Depth         0.0000 0.0000 0.8584      0.0000         0.0000       0.1682 0.0000   0.0000         0.0000    0.0000               
Duration              0.0000 0.0000 0.0269      0.0000         0.0000       0.0000 0.0000   0.0000         0.0086    0.0000               
Ingress.Duration      0.1031 0.0021 0.0648      0.0000                             0.0000   0.0000         0.0000    0.0000               
Impact.Parameter      0.7886 0.0005 0.7706      0.3905         0.0074       0.0759 0.5463   0.0000         0.4827    0.3100               
Inclination           0.0095 0.0366 0.6633      0.1454         0.0000       0.7946 0.0000   0.0000         0.0095    0.0000               
Semi.major.Axis       0.0000 0.0000 0.6084      0.0000         0.0000       0.0019 0.0000   0.0000         0.1737    0.0000               
Eccentricity                                                                                                                              
r.R                   0.0000 0.0000 0.6826      0.0000         0.0000       0.1448 0.0000   0.0000         0.0000    0.0000               
a.R                   0.0000 0.0016 0.9490      0.0006         0.0000       0.0300 0.0000   0.0000         0.0323    0.0000               
Planet.Radius         0.0009 0.0000 0.0003      0.0000         0.0000       0.0002 0.0000   0.0000         0.0000    0.0000               
Teq                   0.0000 0.0000 0.1301      0.0000         0.0000       0.0000 0.0000   0.0000         0.0000    0.0000               
Teff                         0.0000 0.0008      0.0000         0.0000       0.0000 0.0002   0.1797         0.0000    0.2828               
log.g.                0.0000        0.0000      0.0000         0.0000       0.1811 0.0001   0.9428         0.0000    0.0510               
Metallicity           0.0008 0.0000             0.0000                             0.0001   0.5331         0.5720    0.0257               
Stellar.Radius        0.0000 0.0000 0.0000                     0.0000       0.0000 0.0000   0.2033         0.0000    0.1110               
Stellar.Mass          0.0000 0.0000             0.0000                      0.0000                         0.0000                         
Age                   0.0000 0.1811             0.0000         0.0000                                      0.0000                         
Quarters              0.0002 0.0001 0.0001      0.0000                                      0.8921         0.0076    0.0000               
Transit.Number        0.1797 0.9428 0.5331      0.2033                             0.8921                  0.0260    0.0000               
KOI.count             0.0000 0.0000 0.5720      0.0000         0.0000       0.0000 0.0076   0.0260                   0.5731               
Binary.Discrimination 0.2828 0.0510 0.0257      0.1110                             0.0000   0.0000         0.5731     